[0.8316462934818105, 0.5060277408668848, 0.9795280466516558, 0.21339155499700202]
Count: 792
[0.9166264013258939, 0.3288809230949713, 0.32369122027015407, 0.9251272039157564]
Count: 792
[0.8409177708090215, 0.6535066665133465, 0.40779326118421233, 0.6987842489036084]
Count: 792
[0.6703883934355606, 0.46932512363332934, 0.8003226503117911, 0.29260791394035524]
Count: 792
[0.9371505999126702, 0.8687692439926897, 0.1891113744355556, 0.004649285514076951]
Count: 792
[0.3806276461522191, 0.15599940319996664, 0.18467959764065822, 0.0752332085349332]
Count: 792
[0.9160218158731702, 0.6089251607125883, 0.5532957790530184, 0.8387330148183785]
Count: 792
[0.6433874302922067, 0.82386055122764, 0.5052336932405782, 0.19180538678471004]
Count: 792
